 optimized variables:
 mz     =   6.505509962884812E-002
 mzK    =   0.413742126140752     
 hopK   =   0.152766656605153     
