 rhoav =   0.131033736661303       0.131412554792935     
 delrho =   2.440622777164217E-004  2.328022430254615E-004
